300
354.058689 517.421546
434.014425 11.995817
224.027415 137.400177
928.311050 555.051583
649.056181 968.964485
138.833348 952.409754
707.612772 514.928601
810.540635 36.060846
828.009794 657.663868
191.039254 654.755155
433.373454 462.795608
307.299050 905.439506
220.265024 276.707759
268.139193 435.223067
385.958529 903.071323
584.242732 266.387283
602.390410 630.492060
134.942448 674.350653
216.979054 185.153535
344.317429 55.433337
329.041127 668.150392
342.584901 233.447445
41.492203 395.793747
319.390480 620.641004
839.922605 109.498415
201.055069 789.822999
942.287283 406.034480
504.610963 222.104097
275.754238 653.151705
830.460560 406.324320
303.198524 938.126127
490.098094 775.955995
496.670385 976.369313
171.111298 407.531488
740.480652 7.100649
122.038082 802.779455
197.813554 773.432360
836.496652 60.228201
878.128126 635.670270
221.701667 967.073086
387.279457 603.097624
916.452382 34.693334
73.282905 6.003930
549.907257 75.811228
352.575685 548.862472
789.676574 599.844253
497.609885 495.267416
406.761724 350.131597
361.302253 45.021063
881.078076 495.792340
359.636416 611.437147
176.820461 853.548095
250.204717 794.995851
971.824232 608.263155
532.168967 685.209714
517.814264 825.696166
81.795191 203.213874
275.791445 701.169501
661.900425 644.790946
595.807451 669.299186
987.043824 658.214920
88.539838 813.600540
348.085661 701.662298
348.295086 610.136330
15.092617 186.280489
189.607266 734.919436
659.602330 794.280021
135.420273 757.825160
717.271337 481.841075
724.342104 249.200887
959.415589 192.599006
796.871022 331.816372
723.523768 666.992770
449.193912 420.291530
505.300957 369.818525
8.982119 429.752421
30.090823 873.171703
563.492547 42.412687
103.200800 252.988152
747.865910 384.706290
859.505593 510.266089
756.441380 486.510785
424.207372 748.028994
739.436552 60.450584
806.253045 62.258286
291.174194 398.768228
360.679176 112.650236
945.331491 258.164208
148.545954 625.815562
951.110108 715.349601
375.337444 442.861021
833.004166 369.834535
19.304589 912.248151
369.939020 470.313135
835.249496 648.179114
267.737458 396.349645
781.635929 102.274227
87.697004 798.645023
682.866254 645.206862
817.360522 642.429812
312.509475 286.795906
33.224640 947.369387
60.119837 372.779316
576.601259 326.823983
108.389947 679.676730
442.987359 76.607922
848.914022 790.618715
558.500830 932.623906
471.770062 986.980754
827.256246 592.777059
416.962408 717.649465
284.701745 594.589795
705.293810 609.684036
234.598202 229.593702
489.127880 230.986156
561.493138 790.761747
965.874305 920.757537
472.023810 656.899965
284.639206 151.108991
433.129458 673.741134
614.969358 144.313063
354.035510 136.065946
435.892082 250.794377
995.545618 88.563978
358.789291 745.287638
682.733892 972.528999
917.939463 437.953505
475.318956 688.082817
342.981663 831.055783
859.355531 759.126588
159.404186 5.440184
231.754961 48.614959
944.465386 665.188721
125.921056 452.545639
359.668910 778.630693
324.823698 674.924074
811.284891 468.241493
372.603794 141.745492
152.337110 244.261356
355.803365 953.797811
832.265444 138.124940
649.244406 782.212671
130.936933 450.650389
674.127588 724.493621
648.100583 202.228671
974.586952 606.904465
4.247783 636.351885
417.026396 890.766836
412.734825 426.412564
492.654224 599.848320
339.754131 764.534059
275.354130 705.504734
542.070904 804.244599
135.869835 302.695909
663.390998 493.346514
139.040565 466.259833
767.299388 453.757743
332.861549 428.555512
531.566460 761.878425
125.492943 931.103218
527.526199 485.184273
22.134473 344.133170
150.761470 710.031768
36.971698 332.391721
977.938981 815.798292
548.924261 599.517716
494.666311 541.982510
701.321550 90.771156
835.242383 31.696934
957.294820 138.083933
643.830423 913.715209
773.938546 682.186311
255.743822 920.608724
886.857046 666.875695
811.460843 740.036039
143.123396 317.561482
592.941408 359.347061
344.602102 235.272359
565.851228 910.353767
879.424634 407.694204
685.012872 2.251777
373.290843 992.030631
986.643189 61.622363
15.781295 328.877323
596.018435 905.534025
138.619955 666.829793
712.007432 652.163091
500.679527 495.256697
462.724264 323.742557
667.755821 420.860396
438.315553 460.448324
558.131811 609.276752
739.097049 190.015717
265.779742 994.456064
210.752865 4.131169
114.960213 619.412881
345.804300 27.204843
525.116616 655.539613
77.354118 59.339043
935.391873 96.703481
995.416317 867.217056
351.397743 542.274738
135.636100 719.356480
340.677488 42.440961
33.008637 246.471831
413.045210 547.740925
304.136464 39.065116
254.752939 450.527235
810.312016 426.063451
715.808804 758.823301
203.584777 244.855928
435.763444 154.709425
811.035311 115.564156
514.669349 986.061316
777.084978 784.972272
764.823310 187.180083
535.443730 957.804814
710.436347 279.946626
390.136919 676.706565
846.942925 698.874200
665.420892 695.497719
327.674282 231.186892
669.903461 593.820317
808.563214 401.039264
362.149825 9.952443
445.667571 743.763256
567.116445 593.316369
241.150625 632.732379
453.264501 409.726644
527.968178 667.653404
336.466474 201.768505
839.794552 386.138932
758.659935 388.909567
943.709213 165.365705
199.882003 885.771698
296.575187 580.237094
845.056438 559.523012
408.554292 416.991647
360.565142 322.178508
644.381847 49.381931
157.901787 547.645837
271.500742 792.408037
100.123971 690.141274
618.943226 607.476356
303.379341 15.256538
936.183420 447.139437
680.785092 251.972139
948.519947 548.207934
894.899473 683.656375
360.386968 55.534468
411.856106 494.536940
986.594082 48.107971
283.960410 543.159055
100.550818 935.808085
543.609728 312.489135
600.908028 480.883001
563.397261 551.124435
117.566397 267.949917
250.378808 813.301600
357.920088 911.154292
559.651580 581.610398
129.682769 155.598914
749.301679 644.972573
623.960908 380.713393
761.398579 953.462027
840.345812 68.446117
212.248817 227.518250
753.820681 792.197669
951.613345 276.959293
242.815046 689.517826
845.740197 470.551096
463.489109 265.396594
675.021322 939.922732
437.050035 549.140596
228.244749 292.932585
6.601822 570.638747
435.337635 414.631418
316.816139 298.238516
94.584440 377.494102
127.706291 738.679647
976.926691 811.658579
977.266630 470.529876
538.070931 68.364490
251.423393 599.788691
846.896153 812.363293
890.775702 829.434348
690.738751 452.039350
7.403609 961.016501
44.249626 321.257468
669.121373 957.378280
255.276113 281.540069
493.825391 963.945755
434.082403 953.163697
309.626191 153.042032
606.330359 812.400282
699.039357 729.198820
696.185241 408.137093
669.851033 134.595962
941.129070 762.892784
280.204781 567.764461